                              00 02 00
                           00 18 34 24 00
                        00 18 39 42 39 24 00
                     00 18 39 42 39 42 39 24 00
                  00 18 39 42 39 42 39 42 39 24 00
               00 18 39 42 39 42 39 42 39 42 39 24 00
            00 18 39 42 39 42 39 42 39 42 39 42 39 24 00
         00 18 39 42 39 42 39 42 39 42 39 42 39 42 39 24 00
      00 18 39 42 39 42 39 42 39 42 39 42 39 42 39 42 39 24 00
   00 18 39 42 39 42 39 42 39 42 39 42 39 42 39 42 39 42 39 24 00
00 02 31 42 39 42 39 42 39 42 39 42 39 42 39 42 39 42 39 42 28 01 00
   00 21 39 42 39 42 39 42 39 42 39 42 39 42 39 42 39 42 37 12 00
      00 21 39 42 39 42 39 42 39 42 39 42 39 42 39 42 37 12 00
         00 21 39 42 39 42 39 42 39 42 39 42 39 42 37 12 00
            00 21 39 42 39 42 39 42 39 42 39 42 37 12 00
               00 21 39 42 39 42 39 42 39 42 37 12 00
                  00 21 39 42 39 42 39 42 37 12 00
                     00 21 39 42 39 42 37 12 00
                        00 21 39 42 37 12 00
                           00 21 30 12 00
                              00 01 00
